name: web
channels:
  - conda-forge
  - defaults
dependencies:
  - alembic=1.13.1=pyhd8ed1ab_1
  - annotated-types=0.6.0=pyhd8ed1ab_0
  - anyio=3.7.1=pyhd8ed1ab_0
  - argon2-cffi=23.1.0=pyhd8ed1ab_0
  - argon2-cffi-bindings=21.2.0=py312he70551f_4
  - bcrypt=4.1.2=py312hfccd98a_0
  - bzip2=1.0.8=hcfcfb64_5
  - ca-certificates=2023.11.17=h56e8100_0
  - certifi=2023.11.17=pyhd8ed1ab_0
  - cffi=1.16.0=py312he70551f_0
  - click=8.1.7=win_pyh7428d3b_0
  - colorama=0.4.6=pyhd8ed1ab_0
  - coverage=7.4.0=py312he70551f_0
  - cryptography=41.0.7=py312he4c2ea2_1
  - dnspython=2.4.2=pyhd8ed1ab_1
  - email-validator=2.1.0.post1=pyhd8ed1ab_0
  - email_validator=2.1.0.post1=hd8ed1ab_0
  - exceptiongroup=1.2.0=pyhd8ed1ab_2
  - fastapi=0.109.0=pyhd8ed1ab_0
  - greenlet=3.0.3=py312h53d5487_0
  - h11=0.14.0=pyhd8ed1ab_0
  - h2=4.1.0=pyhd8ed1ab_0
  - hpack=4.0.0=pyh9f0ad1d_0
  - httpcore=1.0.2=pyhd8ed1ab_0
  - httpx=0.26.0=pyhd8ed1ab_0
  - hyperframe=6.0.1=pyhd8ed1ab_0
  - idna=3.6=pyhd8ed1ab_0
  - importlib-metadata=7.0.1=pyha770c72_0
  - importlib_resources=6.1.1=pyhd8ed1ab_0
  - iniconfig=2.0.0=pyhd8ed1ab_0
  - krb5=1.21.2=heb0366b_0
  - libexpat=2.5.0=h63175ca_1
  - libffi=3.4.2=h8ffe710_5
  - libpq=16.1=hdb24f17_7
  - libsqlite=3.44.2=hcfcfb64_0
  - libzlib=1.2.13=hcfcfb64_5
  - mako=1.3.0=pyhd8ed1ab_0
  - markupsafe=2.1.3=py312he70551f_1
  - openssl=3.2.0=hcfcfb64_1
  - packaging=23.2=pyhd8ed1ab_0
  - passlib=1.7.4=pyhd8ed1ab_1
  - pip=23.3.2=pyhd8ed1ab_0
  - pluggy=1.3.0=pyhd8ed1ab_0
  - psycopg2=2.9.9=py312hf50bb3c_0
  - pycparser=2.21=pyhd8ed1ab_0
  - pydantic=2.5.3=pyhd8ed1ab_0
  - pydantic-core=2.14.6=py312hfccd98a_1
  - pyjwt=2.8.0=pyhd8ed1ab_0
  - pytest=7.4.4=pyhd8ed1ab_0
  - pytest-cov=4.1.0=pyhd8ed1ab_0
  - python=3.12.1=h2628c8c_1_cpython
  - python-dotenv=1.0.0=pyhd8ed1ab_1
  - python-multipart=0.0.6=pyhd8ed1ab_0
  - python_abi=3.12=4_cp312
  - setuptools=69.0.3=pyhd8ed1ab_0
  - sniffio=1.3.0=pyhd8ed1ab_0
  - sqlalchemy=2.0.25=py312he70551f_0
  - starlette=0.35.0=pyhd8ed1ab_0
  - tk=8.6.13=h5226925_1
  - toml=0.10.2=pyhd8ed1ab_0
  - tomli=2.0.1=pyhd8ed1ab_0
  - typing-extensions=4.9.0=hd8ed1ab_0
  - typing_extensions=4.9.0=pyha770c72_0
  - tzdata=2023d=h0c530f3_0
  - ucrt=10.0.22621.0=h57928b3_0
  - uvicorn=0.26.0=py312h2e8e312_0
  - vc=14.3=hcf57466_18
  - vc14_runtime=14.38.33130=h82b7239_18
  - vs2015_runtime=14.38.33130=hcb4865c_18
  - wheel=0.42.0=pyhd8ed1ab_0
  - xz=5.2.6=h8d14728_0
  - zipp=3.17.0=pyhd8ed1ab_0
prefix: C:\Users\yairq\anaconda3\envs\web
